$ANSIBLE_VAULT;1.1;AES256
63303366666537663039666264396464323733393836343136343966663632376461633235333037
3863343866653430343436383035613762303463363532340a336134353939626235383332663230
34383632653761383231613832646537373134373631313431663265373838326564633733333431
3737613864653235310a653539343235366362343261613831303835656630313035633438326137
31383337623335653538333832316465303235313061336537386435656439353734356138636533
65613733616139356236616335386634623636393635326630393336623761333232663063366264
30333933313030386266643732623031366363663135393666633662326163376633313935656261
32653736633035363664623634663065663861653363336635323033656365656537383939316463
65373562643831346430373030333435653462653736363165306161636136326161383035363930
66353434353562616234633264653836313737656335653932646562643062663562353939323965
61373239346436383835343861323961353864373339323532303163316531396531316430616436
39393936363865306233396338633563666664383630646538306531626361333533303863393234
31353361353334633930653733363432636434656166393635363835383637303266393661303634
61623031633162323337623435346565316564656437393036393231653239666631313964333961
64396638346338383837353832373739333439333833383539633565303030376133383332626235
35613939303134613531393662383261616235376435356134663565363765333334343634346133
65633865633266303063653836666435313735626430623735383565343633653366663836323336
36653365633866383933333964363863663566356363623134383663653761343332666266313064
61356535303664313863336466333564393564653461366632613765333131336665666261393332
31653261353961346132343037343238326162663235616232623164643335613862333732363336
33366363353461343837303536663735313437633064333330356364323034316339383431363764
33306131366335333034656264653037653133353230653330383364373830326662326433366234
36653337303937626539336563313163643035396634333363396637326536396163323064306664
30383364623337633162
